#  All in unit of kpc.
# Taking 1 mm equals to 16.6 arcsec and 1 arcsec = 0.7913 kpc at redshift z = 0.04. 
# The first and second columns are the original x and y position of the fibers(0).
# The third and forth columns are the dithered x and y position of the fibers(dithered 1).
# The fifth and sixth columns are the dithered x and y position of the fibers(dithered 2).
# Check Law+2015 figure 6 & 9.
# 1
# | \
# |   0
# | /
# 2
# 
    -4.01789    -10.40253     -5.00517     -9.83252     -5.00517    -10.97254
    -5.01082     -8.66333     -5.99810     -8.09332     -5.99810     -9.23334
    -3.00745     -8.65502     -3.99474     -8.08501     -3.99474     -9.22502
    -1.00117     -8.66095     -1.98845     -8.09094     -1.98845     -9.23096
    -2.01936    -10.39763     -3.00664     -9.82762     -3.00664    -10.96764
     0.00023    -10.38243     -0.98706     -9.81242     -0.98706    -10.95244
     2.01737    -10.38414      1.03008     -9.81413      1.03008    -10.95415
     4.01214    -10.41077      3.02485     -9.84076      3.02485    -10.98078
     6.00486    -10.37999      5.01758     -9.80998      5.01758    -10.95000
     7.02561     -8.66189      6.03833     -8.09189      6.03833     -9.23190
     5.00499     -8.65951      4.01771     -8.08950      4.01771     -9.22952
     3.01181     -8.66252      2.02452     -8.09251      2.02452     -9.23252
     1.02247     -8.66370      0.03518     -8.09369      0.03518     -9.23371
    -0.02432     -6.92567     -1.01160     -6.35566     -1.01160     -7.49568
    -2.02649     -6.89786     -3.01378     -6.32785     -3.01378     -7.46787
    -4.01354     -6.89841     -5.00082     -6.32840     -5.00082     -7.46842
    -6.05861     -6.93326     -7.04589     -6.36325     -7.04589     -7.50327
    -7.08851     -5.18844     -8.07579     -4.61843     -8.07579     -5.75844
    -5.05710     -5.17135     -6.04438     -4.60135     -6.04438     -5.74136
    -3.03417     -5.17144     -4.02146     -4.60143     -4.02146     -5.74145
    -1.01070     -5.16572     -1.99798     -4.59572     -1.99798     -5.73573
    -2.05115     -3.41011     -3.03844     -2.84010     -3.03844     -3.98012
    -4.06494     -3.43053     -5.05223     -2.86052     -5.05223     -4.00054
    -6.08370     -3.44189     -7.07098     -2.87188     -7.07098     -4.01190
    -8.10754     -3.46251     -9.09482     -2.89250     -9.09482     -4.03251
    -9.10167     -1.73480    -10.08896     -1.16479    -10.08896     -2.30481
    -7.07904     -1.70657     -8.06633     -1.13656     -8.06633     -2.27658
    -5.08358     -1.70818     -6.07087     -1.13817     -6.07087     -2.27819
    -3.06978     -1.67977     -4.05706     -1.10976     -4.05706     -2.24978
    -2.06297      0.04339     -3.05025      0.61340     -3.05025     -0.52662
    -1.04185     -1.68576     -2.02913     -1.11575     -2.02913     -2.25577
    -0.01893     -3.42121     -1.00621     -2.85120     -1.00621     -3.99122
     1.00005     -5.18336      0.01276     -4.61336      0.01276     -5.75337
     1.99596     -6.92422      1.00867     -6.35421      1.00867     -7.49423
     4.01454     -6.91080      3.02726     -6.34079      3.02726     -7.48081
     6.01437     -6.93093      5.02708     -6.36092      5.02708     -7.50094
     8.00368     -6.91159      7.01640     -6.34158      7.01640     -7.48160
     9.02606     -5.18554      8.03878     -4.61553      8.03878     -5.75555
     7.02060     -5.18504      6.03331     -4.61503      6.03331     -5.75505
     5.01760     -5.18887      4.03032     -4.61887      4.03032     -5.75888
     2.99548     -5.18318      2.00820     -4.61317      2.00820     -5.75318
     2.00263     -3.45716      1.01534     -2.88715      1.01534     -4.02717
     0.98697     -1.67852     -0.00032     -1.10851     -0.00032     -2.24853
    -0.04665      0.03953     -1.03394      0.60954     -1.03394     -0.53048
    -1.03763      1.76690     -2.02492      2.33691     -2.02492      1.19689
     0.96005      1.78360     -0.02724      2.35361     -0.02724      1.21359
     1.95807      0.04777      0.97079      0.61778      0.97079     -0.52224
     3.00478     -1.70679      2.01749     -1.13678      2.01749     -2.27680
     3.99390     -3.45245      3.00662     -2.88244      3.00662     -4.02246
     6.01756     -3.45266      5.03027     -2.88265      5.03027     -4.02267
     5.00004     -1.70597      4.01275     -1.13596      4.01275     -2.27598
     3.97058      0.05534      2.98330      0.62535      2.98330     -0.51467
     2.97885      1.78041      1.99156      2.35042      1.99156      1.21040
     4.97455      1.79016      3.98727      2.36017      3.98727      1.22016
     5.96475      0.05505      4.97746      0.62506      4.97746     -0.51496
     6.98710     -1.70347      5.99981     -1.13346      5.99981     -2.27348
     8.01182     -3.43116      7.02454     -2.86116      7.02454     -4.00117
    10.03460     -3.41788      9.04732     -2.84787      9.04732     -3.98789
     9.00235     -1.69365      8.01507     -1.12364      8.01507     -2.26366
     7.98527      0.03057      6.99798      0.60058      6.99798     -0.53944
     8.98471      1.77740      7.99743      2.34741      7.99743      1.20739
     9.97945      0.03238      8.99216      0.60239      8.99216     -0.53763
    11.00037     -1.68274     10.01308     -1.11273     10.01308     -2.25275
    12.00456      0.05083     11.01728      0.62084     11.01728     -0.51918
    10.97038      1.78479      9.98310      2.35480      9.98310      1.21478
     9.98386      3.51949      8.99657      4.08950      8.99657      2.94948
     8.96766      5.26342      7.98038      5.83343      7.98038      4.69341
     7.94417      7.03338      6.95688      7.60339      6.95688      6.46338
     6.96774      5.25580      5.98046      5.82581      5.98046      4.68579
     7.96475      3.53108      6.97746      4.10109      6.97746      2.96107
     6.96625      1.80330      5.97897      2.37330      5.97897      1.23329
     5.96506      3.54605      4.97777      4.11606      4.97777      2.97604
     3.95271      3.55099      2.96542      4.12100      2.96542      2.98098
     1.95423      3.52021      0.96695      4.09022      0.96695      2.95020
    -0.05447      3.52683     -1.04175      4.09684     -1.04175      2.95682
    -2.08049      3.51322     -3.06778      4.08323     -3.06778      2.94321
    -1.06281      5.26659     -2.05009      5.83660     -2.05009      4.69658
     0.93584      5.27477     -0.05144      5.84478     -0.05144      4.70476
     2.93214      5.28778      1.94486      5.85779      1.94486      4.71777
     4.94441      5.28104      3.95712      5.85105      3.95712      4.71103
     5.94710      7.02344      4.95981      7.59345      4.95981      6.45343
     3.91821      7.03560      2.93093      7.60561      2.93093      6.46560
     1.90595      7.03090      0.91867      7.60091      0.91867      6.46089
    -0.08681      7.02229     -1.07410      7.59230     -1.07410      6.45228
    -2.10539      7.00323     -3.09268      7.57324     -3.09268      6.43322
    -3.10847      8.75490     -4.09575      9.32491     -4.09575      8.18490
    -1.11407      8.75365     -2.10135      9.32366     -2.10135      8.18364
     0.90307      8.76791     -0.08422      9.33792     -0.08422      8.19791
     2.93428      8.77108      1.94700      9.34109      1.94700      8.20107
     4.91922      8.77135      3.93194      9.34136      3.93194      8.20134
     6.92267      8.75776      5.93538      9.32776      5.93538      8.18775
     5.88820     10.52784      4.90092     11.09785      4.90092      9.95783
     3.89810     10.51994      2.91082     11.08994      2.91082      9.94993
     1.87936     10.48524      0.89207     11.05525      0.89207      9.91523
    -0.10998     10.50338     -1.09727     11.07339     -1.09727      9.93337
    -2.10911     10.49224     -3.09640     11.06225     -3.09640      9.92223
    -4.12345     10.48523     -5.11074     11.05523     -5.11074      9.91522
    -6.14342     10.46794     -7.13070     11.03794     -7.13070      9.89793
    -7.16004      8.75883     -8.14733      9.32884     -8.14733      8.18882
    -5.12801      8.73573     -6.11529      9.30574     -6.11529      8.16572
    -4.10575      6.98085     -5.09304      7.55086     -5.09304      6.41084
    -6.15737      6.99074     -7.14466      7.56075     -7.14466      6.42074
    -8.15816      6.98108     -9.14544      7.55109     -9.14544      6.41107
    -9.14775      5.25753    -10.13503      5.82754    -10.13503      4.68752
    -7.13197      5.26009     -8.11926      5.83010     -8.11926      4.69008
    -5.13359      5.27696     -6.12087      5.84697     -6.12087      4.70695
    -3.08376      5.25724     -4.07104      5.82725     -4.07104      4.68723
    -4.11383      3.52520     -5.10112      4.09521     -5.10112      2.95519
    -6.13063      3.53640     -7.11792      4.10641     -7.11792      2.96639
    -8.12898      3.51489     -9.11627      4.08490     -9.11627      2.94489
   -10.15245      3.49743    -11.13974      4.06744    -11.13974      2.92742
   -11.15419      1.76944    -12.14148      2.33945    -12.14148      1.19943
    -9.13624      1.76911    -10.12353      2.33912    -10.12353      1.19910
    -7.11154      1.78587     -8.09882      2.35588     -8.09882      1.21587
    -5.11061      1.79259     -6.09789      2.36260     -6.09789      1.22258
    -3.08208      1.76910     -4.06936      2.33911     -4.06936      1.19909
    -4.08966      0.03720     -5.07694      0.60721     -5.07694     -0.53281
    -6.08449      0.02536     -7.07178      0.59537     -7.07178     -0.54465
    -8.09461      0.01795     -9.08189      0.58796     -9.08189     -0.55206
   -10.09599     -0.00702    -11.08328      0.56299    -11.08328     -0.57702
   -12.11511      0.02331    -13.10240      0.59332    -13.10240     -0.54670
   -11.12808     -1.75035    -12.11536     -1.18034    -12.11536     -2.32036
   -10.09759     -3.45944    -11.08487     -2.88943    -11.08487     -4.02945
    -9.08903     -5.19627    -10.07631     -4.62626    -10.07631     -5.76628
    -8.08420     -6.92932     -9.07148     -6.35931     -9.07148     -7.49933
    -7.03832     -8.65772     -8.02560     -8.08771     -8.02560     -9.22773
    -6.00682    -10.37987     -6.99411     -9.80986     -6.99411    -10.94988
